1 6 3.59
1 10 5.19
1 19 3.38
1 32 3.78
1 52 2.59
1 66 4.89
1 70 2.96
1 79 3.90
1 84 2.78
1 92 1.67
3 60 4.23
4 5 3.78
4 19 4.12
4 23 4.11
4 27 5.40
4 35 5.36
4 58 4.95
4 62 5.23
4 84 4.11
4 90 2.45
5 23 2.96
5 27 2.96
5 35 2.11
5 44 4.62
5 56 4.95
5 62 4.14
5 72 5.40
5 90 4.08
6 10 2.46
6 19 4.03
6 52 2.45
6 58 5.38
6 79 1.63
6 84 4.47
6 85 3.28
6 88 3.90
6 91 5.40
6 92 5.18
9 12 3.77
9 28 3.49
9 49 5.01
9 80 5.33
9 94 4.94
10 20 4.97
10 52 2.83
10 67 4.02
10 79 3.99
10 85 2.66
10 88 4.30
12 20 2.83
12 28 3.61
12 48 3.17
12 49 2.18
12 67 3.54
12 80 4.33
12 81 4.62
14 26 5.12
14 36 2.78
14 51 2.28
14 68 3.34
14 76 3.93
14 89 4.52
15 22 4.88
15 43 5.21
15 68 3.78
15 78 4.62
16 18 2.96
16 43 2.26
16 82 3.77
17 27 3.61
17 58 2.26
17 62 1.77
17 90 3.37
18 40 3.49
18 43 2.78
19 52 5.02
19 58 3.49
19 70 5.23
19 79 2.88
19 84 1.11
19 90 3.48
19 92 4.65
20 28 4.65
20 48 2.04
20 49 3.87
20 67 2.31
20 81 5.27
20 85 4.62
21 22 3.78
21 57 2.83
21 68 4.88
21 78 2.11
22 29 5.65
22 57 2.61
22 78 2.96
23 30 5.13
23 35 2.45
23 44 4.88
23 56 2.32
24 30 3.17
24 45 1.22
24 56 4.72
26 32 2.96
26 36 3.04
26 51 4.88
26 66 2.11
26 76 1.44
26 89 3.45
26 92 5.27
27 35 4.53
27 58 5.22
27 62 1.85
27 72 4.41
27 86 4.21
27 90 4.13
28 48 3.02
28 94 3.11
29 50 9.40
30 35 4.41
30 44 3.17
30 45 2.63
30 56 3.48
31 71 2.96
31 73 3.06
32 52 3.41
32 66 2.45
32 70 4.11
32 76 3.23
32 89 3.06
32 92 3.11
34 41 3.74
34 72 5.13
34 83 1.89
35 44 2.78
35 56 3.49
35 72 5.11
36 51 3.91
36 66 5.10
36 68 3.38
36 76 2.54
36 78 5.11
36 89 4.48
37 49 4.73
37 80 3.75
37 81 2.72
37 88 4.79
37 91 3.55
41 72 2.26
41 83 3.02
41 86 2.32
43 82 4.56
44 56 4.70
44 72 4.18
44 83 3.91
44 86 4.89
45 56 5.10
48 49 5.04
48 67 4.32
49 67 3.09
49 80 2.66
49 81 2.56
49 85 5.13
49 88 5.48
50 54 6.34
51 76 3.44
51 89 2.78
52 70 5.14
52 79 3.77
52 84 4.89
52 85 5.05
52 89 5.03
52 92 3.64
57 78 3.67
58 62 3.53
58 79 3.76
58 84 4.56
58 88 5.36
58 90 2.63
58 91 5.13
60 69 7.78
62 90 3.24
66 70 3.48
66 76 3.36
66 89 4.64
66 92 3.45
67 81 3.33
67 85 2.60
67 88 3.87
67 91 5.10
68 78 3.17
69 94 3.11
70 75 5.21
70 84 4.18
70 92 1.51
71 73 3.45
71 75 3.74
72 83 3.61
72 86 0.75
73 75 4.18
76 89 2.34
79 84 3.64
79 85 3.95
79 88 3.76
79 90 5.40
79 91 4.83
80 81 3.33
81 85 3.93
81 88 3.45
81 91 3.34
83 86 4.23
84 90 4.13
84 92 3.77
85 88 1.89
85 91 3.61
88 91 1.77
